100
92	69	24	0	91	71	53	29	15	76	85	41	44	34	84	47	34	19	64	48	56	6	70	55	42	43	3	90	71	4	37	48	92	72	9	90	16	3	100	54	26	83	56	81	15	69	80	26	15	1	17	69	93	16	87	2	13	53	8	24	92	49	17	33	35	13	36	46	59	55	50	25	53	96	70	62	89	46	95	69	36	59	50	2	12	39	83	86	93	36	61	44	49	64	20	52	18	90	69	3	
68	72	13	84	20	38	38	37	72	2	81	1	61	85	27	33	87	14	77	37	7	76	95	87	20	73	64	26	44	59	5	39	92	69	38	82	90	25	16	62	55	47	2	42	92	28	92	1	90	79	77	9	9	72	33	35	39	78	60	68	67	23	61	59	86	32	14	31	73	28	95	60	31	79	37	100	21	1	5	63	52	91	98	64	44	27	92	1	1	66	20	86	96	32	72	81	14	83	57	25	
34	24	12	27	97	25	87	77	11	6	5	0	20	78	41	66	23	35	88	6	16	46	38	76	70	38	48	82	49	67	37	3	89	94	12	3	3	67	95	98	17	1	92	41	100	49	48	75	6	48	33	34	80	39	21	2	1	66	64	7	73	56	51	74	89	3	72	67	20	78	88	5	73	39	97	37	98	38	27	27	24	21	27	33	19	19	3	6	93	4	12	19	73	46	10	61	8	85	72	86	
61	73	91	52	93	84	3	13	79	60	59	10	54	57	19	59	5	26	85	33	27	28	20	35	93	14	62	11	60	68	84	66	11	6	40	96	86	50	96	37	24	54	79	32	41	60	62	1	25	56	36	38	80	45	18	42	35	19	11	66	80	87	72	60	59	98	86	29	26	97	38	4	1	85	17	64	82	38	42	85	66	68	44	54	39	23	71	87	62	32	32	99	52	24	60	89	91	64	14	37	
83	86	53	81	23	86	5	54	81	47	94	30	30	20	29	18	42	18	49	40	50	2	70	33	86	64	94	45	12	17	59	85	60	39	99	31	16	82	99	32	38	55	43	43	10	53	72	34	3	5	11	77	20	20	4	18	70	36	35	21	86	38	2	40	31	25	96	93	97	69	37	76	0	68	33	16	40	43	20	10	22	46	10	96	53	44	64	60	31	88	25	95	31	75	28	97	61	59	40	61	
79	68	14	53	73	3	72	42	84	81	5	93	76	21	58	42	0	98	67	32	31	11	20	86	73	27	89	50	52	58	32	54	37	21	96	70	63	74	27	26	65	91	58	17	32	99	44	44	2	2	34	72	0	34	57	85	91	4	62	21	86	56	21	97	93	13	70	9	92	47	15	0	23	82	2	100	88	96	62	86	27	45	71	81	74	55	62	54	82	30	51	21	11	20	91	34	35	81	55	75	
84	38	42	55	11	18	67	48	16	43	98	66	90	40	47	65	98	20	22	11	86	35	30	24	41	78	26	19	14	10	78	64	89	24	19	38	29	56	57	75	84	62	98	100	4	68	50	68	11	20	15	47	74	2	73	57	99	59	65	26	25	4	38	7	24	13	80	24	89	79	50	60	39	35	70	54	15	60	89	67	93	7	12	6	4	0	3	6	86	82	30	32	35	100	1	45	12	43	29	31	
51	35	82	87	53	46	1	86	99	47	0	33	97	81	72	51	93	76	46	54	11	40	97	86	11	89	17	64	100	28	51	18	2	15	80	63	34	12	10	34	15	10	34	28	3	39	59	11	85	100	53	58	40	1	28	61	82	15	50	45	56	56	35	31	20	75	72	57	83	81	62	81	14	87	10	38	44	76	41	75	57	14	42	14	84	66	81	19	74	92	16	3	59	91	59	57	51	50	13	59	
23	31	58	96	61	63	28	9	58	9	54	57	59	98	3	66	92	6	70	7	31	98	32	4	38	12	94	25	44	49	85	9	61	91	60	88	77	25	33	67	92	36	60	16	40	96	52	93	82	60	45	27	12	95	66	78	75	61	57	95	65	71	79	70	95	59	20	66	30	10	78	72	15	14	43	84	22	93	15	66	19	19	5	53	66	38	14	73	84	67	26	23	9	14	57	8	89	23	26	54	
17	67	1	22	68	46	94	71	73	41	46	35	38	25	97	59	9	27	29	4	7	4	3	39	72	86	66	27	58	64	81	92	81	24	83	77	49	50	48	80	62	62	68	100	65	64	55	45	65	8	3	79	67	23	47	42	22	2	61	22	42	33	10	27	76	38	11	60	11	35	33	37	29	26	73	52	7	84	65	26	66	12	39	7	17	50	9	88	3	51	13	68	59	71	1	86	4	42	5	30	
61	57	70	86	18	4	22	3	52	20	0	20	52	25	10	83	11	24	90	47	58	12	32	86	20	23	75	0	41	99	95	69	37	43	35	24	29	61	3	32	23	84	42	67	19	68	60	75	67	93	78	60	0	20	25	78	63	80	11	8	3	91	91	62	93	99	31	78	21	86	16	78	24	58	60	25	64	46	56	58	36	89	54	69	80	18	29	96	58	5	26	74	38	87	62	46	39	44	32	74	
12	34	86	87	96	46	72	50	57	87	22	88	69	5	62	41	26	93	15	25	58	84	28	17	25	64	58	52	47	47	91	8	23	3	51	86	58	53	30	85	69	32	81	10	80	99	76	60	18	33	1	88	53	27	83	86	14	50	88	98	34	35	50	94	88	55	33	5	13	74	48	69	74	73	49	64	31	54	20	65	90	33	43	10	11	26	36	72	14	31	95	86	98	67	13	97	42	35	9	99	
42	20	72	58	15	55	17	22	0	75	10	8	80	76	8	30	83	99	37	94	94	28	81	62	72	76	20	70	96	11	38	55	75	92	98	80	71	19	57	53	68	54	64	59	97	29	34	0	9	42	85	85	19	31	76	13	59	42	57	53	88	23	50	24	54	94	24	71	2	18	7	45	39	0	36	9	52	14	85	42	2	24	65	35	22	68	19	1	11	33	57	11	100	58	85	24	70	44	29	30	
72	42	24	61	41	13	39	56	1	47	94	38	64	92	14	4	42	34	33	51	59	80	44	38	32	46	10	76	94	42	49	25	91	49	85	62	55	95	66	7	86	10	4	94	34	60	16	67	25	7	54	54	3	56	93	16	85	24	7	24	65	56	71	37	36	22	82	82	23	5	12	86	22	28	89	48	75	95	89	55	17	90	43	50	47	9	20	7	30	44	95	76	71	1	100	2	36	39	90	22	
30	99	21	97	10	33	45	4	89	6	9	71	93	8	75	70	64	7	96	93	72	35	33	1	23	84	16	33	87	32	38	33	50	83	86	79	100	40	82	75	53	10	91	29	15	13	92	82	62	93	20	93	56	97	82	22	84	70	36	50	30	16	42	55	82	73	73	9	92	1	79	88	30	78	94	61	63	95	78	88	31	95	0	70	45	66	54	53	25	40	7	34	82	98	82	65	62	30	13	22	
52	26	98	39	29	74	70	52	16	98	0	97	53	60	32	32	3	46	33	96	12	53	99	48	43	41	97	21	49	60	85	54	1	14	100	75	27	63	31	17	69	72	38	26	33	25	18	70	68	24	41	37	92	83	96	43	45	90	20	83	96	87	55	79	77	50	28	31	83	29	24	72	19	70	11	68	58	30	93	60	5	68	87	96	44	50	48	100	65	27	30	93	92	22	26	17	61	16	8	80	
44	43	86	100	36	78	23	67	51	62	39	21	25	57	86	52	32	80	96	7	93	46	42	37	36	38	64	3	94	0	11	73	45	69	59	57	31	10	45	88	27	20	44	72	13	6	100	55	55	97	82	29	65	80	84	31	92	55	77	97	87	48	100	22	94	97	18	100	22	17	6	16	14	55	75	45	38	60	14	44	36	31	27	29	91	27	10	90	75	37	99	14	99	42	94	65	83	95	1	55	
39	4	31	87	87	5	11	43	1	82	42	63	91	61	60	98	79	26	90	8	66	9	35	78	0	45	42	71	96	47	79	63	85	14	43	13	2	24	15	27	34	21	19	80	58	63	7	24	98	26	58	34	41	56	70	42	10	75	3	17	85	28	71	79	49	30	48	59	55	57	51	72	23	50	86	53	72	78	79	27	74	14	33	31	98	38	93	13	75	2	18	60	6	85	86	83	82	44	64	19	
46	8	74	77	90	7	72	92	88	76	41	27	94	46	49	30	85	46	24	18	71	8	42	89	73	40	96	89	60	17	37	31	0	85	87	31	96	74	11	25	42	3	100	67	100	14	4	83	2	3	93	91	17	11	42	88	1	78	91	62	38	19	23	75	39	38	83	78	34	51	19	91	22	38	59	8	38	81	71	89	75	37	28	29	54	86	81	31	79	97	36	55	53	15	63	100	30	27	62	77	
27	10	23	59	24	29	18	54	12	88	88	69	19	91	83	5	58	12	63	88	82	74	65	93	45	55	52	27	39	54	11	98	86	4	76	23	51	6	67	47	98	46	77	54	63	82	27	50	57	28	79	2	69	56	79	11	98	24	11	92	83	37	55	83	93	23	0	96	17	12	98	90	58	5	59	62	52	60	7	46	18	95	84	72	80	83	5	77	25	35	47	73	42	29	35	19	31	12	46	56	
85	94	38	27	87	81	52	36	76	8	89	65	86	10	62	25	32	53	29	97	30	8	17	45	64	99	70	91	45	11	61	72	43	43	76	44	7	15	30	67	40	67	57	20	14	56	53	75	38	53	27	51	27	63	53	16	19	60	81	9	33	29	89	65	57	57	79	71	73	43	21	38	63	69	59	97	50	67	78	32	91	89	26	46	50	25	9	89	42	75	26	88	1	53	29	88	89	34	72	19	
95	0	6	68	100	61	75	3	10	74	29	50	48	53	41	75	32	20	10	99	65	64	24	52	78	41	64	74	78	20	17	4	28	14	12	11	97	36	4	97	13	29	9	1	76	99	78	27	51	24	52	74	81	95	84	58	27	90	19	63	89	21	80	9	89	97	44	14	12	37	9	2	36	58	49	77	7	71	4	83	72	11	52	80	95	38	91	14	27	60	29	73	23	30	4	20	62	24	79	16	
69	63	71	17	15	62	47	78	55	28	23	46	46	21	0	15	5	66	51	90	84	42	14	56	75	59	6	49	81	44	18	92	97	60	2	50	0	28	28	67	37	77	27	35	86	76	43	87	3	55	58	80	80	17	33	15	61	9	69	20	92	97	21	5	20	78	69	12	88	65	29	85	71	69	12	27	59	65	64	20	35	29	42	80	80	66	16	88	81	40	47	74	41	91	28	3	32	69	91	98	
32	96	14	52	93	16	68	12	6	60	2	94	50	13	94	57	42	21	47	3	68	60	18	8	95	3	92	82	31	32	58	1	59	92	4	52	92	21	87	6	15	13	84	62	38	35	80	48	91	83	6	14	94	78	20	89	60	6	92	23	38	83	30	32	96	37	56	46	52	1	37	27	72	2	41	28	41	72	31	90	100	62	75	35	10	5	24	42	17	26	77	97	43	56	47	26	16	98	97	17	
49	66	50	65	81	29	81	32	21	13	9	47	11	78	1	59	93	4	7	18	50	40	65	57	39	30	54	64	64	6	56	69	70	23	93	62	16	64	32	51	94	40	83	85	73	48	74	13	65	93	94	13	98	81	43	10	47	1	85	51	44	92	55	69	7	1	89	36	85	15	41	5	67	82	9	96	30	85	81	76	20	35	85	64	3	76	67	87	66	85	64	9	2	36	74	32	23	5	44	74	
20	14	31	1	88	81	96	86	90	68	93	48	42	44	56	94	80	62	64	19	16	41	79	73	61	61	17	27	13	66	21	5	3	76	43	32	80	71	81	61	85	46	49	32	42	47	91	52	88	60	97	20	86	32	50	34	40	68	47	27	11	95	64	0	74	70	26	85	52	45	67	99	26	18	59	72	76	18	60	61	1	15	17	39	57	83	90	11	64	27	19	83	32	59	17	17	97	72	71	83	
44	87	46	48	7	40	44	41	14	66	43	98	52	66	73	28	17	92	56	69	28	92	46	52	69	46	34	99	14	12	69	41	24	96	45	11	11	45	7	8	76	26	36	42	19	48	78	65	38	43	70	8	29	79	55	57	52	17	98	87	99	6	92	9	7	15	51	67	50	8	23	22	2	13	70	12	97	96	5	73	56	1	30	22	9	4	52	97	36	7	41	50	76	91	80	74	33	39	42	44	
66	57	21	35	75	71	34	73	2	7	55	13	55	88	24	28	40	36	58	51	83	97	45	60	23	39	1	27	9	63	30	36	30	72	13	78	51	16	0	13	80	21	4	26	3	70	58	13	36	39	78	60	6	1	24	69	84	41	24	82	4	83	90	71	74	42	80	75	27	31	97	68	8	42	47	68	91	32	17	24	72	88	70	31	13	65	9	19	6	20	9	43	55	14	85	66	14	86	29	85	
37	96	75	67	3	2	34	50	0	93	89	63	37	94	75	77	63	20	12	35	40	26	78	67	22	91	58	10	42	99	67	16	80	53	60	18	18	13	52	0	38	85	96	3	66	97	35	43	22	92	89	100	6	20	72	29	15	20	82	19	63	59	96	100	48	77	98	78	71	12	3	72	6	32	22	90	20	58	44	14	97	19	44	65	14	14	50	14	24	68	36	7	26	69	74	14	29	60	9	95	
32	2	13	6	26	18	27	21	52	8	82	8	85	0	88	27	58	33	96	81	7	79	20	5	85	58	86	89	19	83	22	84	95	40	66	41	60	30	35	57	72	73	79	37	7	56	49	81	7	80	61	40	71	11	23	12	18	65	71	15	8	99	96	76	32	80	38	2	47	42	0	83	60	88	12	15	24	92	34	5	18	72	24	25	1	85	82	43	54	36	66	6	81	38	9	73	66	27	54	42	
21	47	42	41	0	71	95	70	28	44	23	54	90	33	76	73	67	51	67	69	75	75	6	86	86	48	47	33	19	85	15	72	85	28	97	44	21	21	53	87	84	56	47	91	80	44	77	0	15	79	9	30	24	5	54	77	67	21	99	85	99	7	97	82	30	25	64	6	79	63	84	91	46	73	83	8	6	50	70	30	74	26	78	83	1	94	39	58	92	54	72	14	30	19	53	43	32	28	46	68	
75	32	7	24	62	41	54	44	0	51	98	93	64	68	40	97	68	28	75	12	65	89	51	21	83	22	40	30	46	27	70	71	71	70	61	97	5	10	22	60	39	56	98	37	86	11	46	99	85	68	29	43	26	40	98	20	11	34	38	99	18	15	75	97	41	62	46	94	15	80	62	77	15	99	50	38	64	81	61	41	83	5	99	77	97	88	20	51	44	64	12	51	7	92	82	57	63	45	6	80	
95	4	28	88	22	53	33	13	73	47	84	80	42	6	91	88	34	53	18	100	99	33	37	12	34	55	71	48	16	21	28	83	55	31	67	95	25	2	78	21	99	82	6	39	56	13	96	28	19	76	9	34	62	57	2	13	75	39	13	25	51	21	36	52	2	66	84	6	92	25	43	98	75	6	25	57	61	41	15	1	71	71	77	23	37	8	80	21	9	6	15	66	19	98	23	72	68	17	75	10	
35	11	100	83	60	55	68	86	25	96	81	44	85	43	60	51	16	52	52	38	88	9	86	54	77	97	98	32	72	41	17	97	83	32	46	96	63	42	81	93	4	38	31	30	10	99	8	70	7	78	75	44	50	91	39	26	92	67	36	3	20	96	58	26	34	40	3	48	45	51	78	58	23	71	35	68	5	90	2	48	88	31	82	39	5	8	68	4	92	4	96	91	37	99	24	17	33	56	8	89	
75	15	42	31	56	74	29	72	79	44	57	9	25	66	66	75	69	68	68	12	63	18	47	46	44	1	91	57	26	82	66	13	45	12	39	8	1	40	63	35	48	64	62	50	1	88	1	22	67	78	26	43	82	99	77	3	97	28	78	3	75	0	50	40	83	23	78	23	37	57	23	29	95	68	72	34	57	100	62	31	17	3	90	46	63	16	5	43	18	37	57	62	56	7	16	50	100	88	17	12	
78	80	56	88	11	20	58	73	34	2	18	29	76	91	29	99	56	55	0	26	84	100	74	15	91	93	80	45	82	38	63	68	32	32	75	69	26	92	26	59	4	5	95	94	79	13	29	24	23	48	80	18	76	81	50	98	15	11	77	65	57	64	13	11	18	32	19	62	61	52	86	86	70	70	43	51	28	77	55	25	87	86	61	50	41	1	85	33	26	48	73	97	87	58	68	74	4	54	42	10	
4	63	26	18	61	55	28	94	90	5	30	67	83	36	88	15	82	90	23	24	19	64	45	75	58	61	63	35	84	19	78	1	40	59	51	91	42	72	97	18	84	55	60	10	38	52	15	73	3	60	5	13	6	49	97	45	92	57	82	70	96	8	73	34	86	62	0	39	16	29	51	12	35	53	62	59	62	67	41	0	81	87	27	56	46	59	86	72	50	93	55	39	39	39	45	83	28	87	61	69	
20	58	76	47	81	64	22	4	40	23	58	85	25	6	66	51	22	43	68	98	13	16	60	77	13	51	37	30	1	76	56	0	6	1	70	24	7	65	12	21	0	5	100	75	26	43	45	39	9	66	41	43	16	81	68	41	46	69	61	64	23	50	66	68	39	97	57	53	24	24	56	40	58	18	1	41	27	68	49	3	98	70	42	36	1	25	94	81	99	26	84	52	20	87	65	74	33	51	74	22	
34	13	50	51	30	52	35	4	20	24	40	100	89	80	77	82	62	53	2	39	14	51	71	9	36	26	61	24	69	95	83	100	7	63	82	69	64	49	85	20	65	33	40	96	92	89	6	22	15	66	50	47	14	86	84	89	16	39	79	50	33	39	71	12	65	50	31	68	36	59	5	35	72	44	95	29	55	14	34	4	14	73	38	64	61	7	12	32	67	28	64	85	56	78	84	13	93	55	12	78	
66	90	21	33	16	27	78	40	60	69	15	97	49	69	63	4	2	63	28	64	59	14	82	87	97	60	48	45	72	4	12	57	92	27	82	89	25	25	73	96	87	19	78	61	33	12	64	12	51	36	46	55	92	47	72	30	57	39	3	0	61	86	84	20	50	97	4	13	79	28	35	76	62	28	87	63	75	18	88	74	71	23	88	11	67	56	24	89	14	27	72	38	2	29	38	96	96	21	23	53	
92	26	1	61	41	67	63	36	4	93	14	60	2	58	7	76	56	40	89	7	77	16	74	33	30	73	94	26	69	89	94	60	88	16	65	3	23	91	43	61	31	44	28	85	16	99	54	41	8	90	35	58	34	24	15	29	43	97	90	24	10	85	43	7	57	82	43	81	11	93	42	11	17	41	91	3	11	28	45	75	24	98	54	55	70	47	81	73	81	0	22	4	7	34	81	19	42	25	83	16	
77	18	47	96	46	42	82	2	90	55	11	99	14	60	22	86	36	66	0	91	30	14	41	6	75	27	58	98	90	93	39	60	53	68	13	72	69	65	60	19	9	12	97	52	97	76	99	62	29	70	55	47	31	88	83	86	74	51	24	92	74	80	84	17	61	93	65	64	0	30	41	69	90	69	38	38	98	92	0	42	20	90	14	7	90	56	31	97	22	48	82	89	34	39	37	67	47	42	98	56	
8	50	78	3	48	7	76	84	96	67	50	67	81	21	40	62	63	18	7	67	54	96	17	9	71	70	98	99	64	18	73	70	68	5	72	92	78	49	17	6	90	41	90	19	25	55	9	50	73	74	35	2	93	100	30	69	55	77	80	5	63	31	81	48	62	58	69	44	2	37	53	72	63	26	25	71	57	39	68	46	94	69	42	46	44	43	76	29	79	65	20	5	12	32	80	97	40	85	65	57	
85	40	41	70	46	21	6	32	52	57	30	59	6	97	91	21	4	38	60	75	86	87	73	32	81	26	41	42	48	63	33	26	23	98	100	37	79	45	20	44	73	17	81	47	4	66	77	65	86	5	92	83	41	54	68	31	52	84	4	5	35	20	20	74	86	97	24	4	98	46	13	15	25	10	85	6	84	76	72	73	100	17	45	36	92	69	99	7	12	0	7	55	79	27	95	81	87	67	40	36	
30	80	53	1	75	82	53	7	11	28	68	10	30	57	23	84	33	6	92	35	7	11	14	37	47	74	84	40	10	48	71	34	13	70	25	83	1	40	3	75	90	86	17	100	51	92	97	78	74	16	21	45	39	3	0	92	74	37	52	3	44	89	35	48	94	78	51	11	32	38	41	20	100	98	51	33	64	54	7	8	12	10	66	97	26	61	83	96	46	55	68	7	78	63	95	49	25	8	8	84	
6	19	53	37	60	76	2	19	58	15	20	100	29	15	81	48	30	92	63	70	59	54	87	29	13	83	64	71	58	40	43	34	80	55	7	68	26	92	68	22	39	72	15	69	99	49	27	30	31	29	65	20	72	23	61	18	73	73	44	59	32	28	32	30	54	85	19	33	79	34	64	32	83	89	98	69	16	16	70	86	9	73	16	97	97	52	43	96	61	49	88	28	57	0	15	36	88	39	51	58	
89	38	11	29	98	9	85	43	3	99	7	16	14	6	36	73	39	77	20	38	2	86	91	53	78	31	5	60	12	52	68	35	96	55	79	44	20	18	20	29	88	6	43	50	45	4	1	86	55	38	42	36	47	6	88	20	78	85	83	35	46	3	3	17	90	12	38	41	34	55	73	42	5	27	57	14	57	88	61	94	99	90	92	96	21	92	82	42	62	85	100	42	38	2	73	82	26	69	83	54	
92	50	26	46	88	79	93	65	18	36	86	90	41	8	43	47	81	56	78	80	43	15	86	43	24	67	5	96	68	99	68	99	92	5	30	100	46	39	37	59	3	77	16	29	67	100	30	11	81	43	75	73	29	48	78	13	57	52	57	33	31	25	52	37	93	48	63	80	27	33	59	80	99	40	8	36	50	59	68	47	36	74	85	8	95	60	43	30	58	41	36	34	84	16	72	0	66	40	13	14	
59	44	98	67	81	57	99	21	36	39	27	15	21	85	31	55	35	31	12	42	39	39	49	42	27	56	67	78	42	12	100	81	5	4	61	63	53	52	92	63	18	30	61	47	67	47	67	71	12	55	94	10	72	33	47	82	33	5	27	87	99	67	61	78	100	92	13	5	78	75	96	88	68	47	94	73	6	13	9	21	54	49	55	9	96	79	60	68	64	99	74	99	82	97	97	8	78	40	13	19	
7	100	66	99	40	29	58	64	45	7	5	36	40	57	100	42	100	12	47	9	63	72	34	0	41	64	43	100	90	34	79	44	19	25	61	9	68	42	63	25	78	75	13	39	55	12	90	98	86	52	33	5	67	97	26	95	41	100	81	28	88	73	49	4	40	76	64	95	66	85	4	97	70	100	17	14	98	11	11	50	13	85	2	36	24	13	28	96	36	27	40	3	40	32	68	21	9	56	27	94	
40	75	60	81	43	78	13	55	13	81	10	30	89	32	19	72	88	100	83	31	50	87	99	28	2	5	82	78	68	97	73	66	78	61	22	77	25	43	25	60	30	20	80	38	45	75	20	77	21	92	64	44	23	49	24	99	15	42	30	38	15	50	47	79	91	65	62	25	100	98	45	22	98	20	3	32	63	100	64	6	97	26	10	49	40	1	32	44	9	29	30	11	67	54	55	19	82	42	12	100	
52	81	91	9	59	74	12	42	79	33	11	95	94	47	78	13	0	68	31	76	27	9	28	32	40	67	96	84	79	7	38	68	98	58	93	87	38	33	74	98	32	70	75	82	43	84	100	24	50	97	29	52	18	89	36	94	53	76	11	72	2	79	98	42	38	3	51	6	84	85	59	54	92	86	97	73	0	86	69	78	63	18	76	79	53	2	69	60	52	89	27	77	55	77	65	6	36	32	91	59	
35	87	39	26	56	24	83	80	56	2	16	42	57	29	16	87	30	63	48	52	17	99	49	72	3	13	36	0	22	40	7	27	71	88	26	55	53	82	73	4	81	61	73	44	53	10	95	53	93	69	70	3	98	20	29	78	22	57	68	93	77	89	66	29	33	40	63	24	57	35	54	30	84	76	6	80	44	7	97	93	55	67	50	77	4	94	68	50	10	95	50	6	36	68	43	74	18	97	65	46	
55	46	16	75	96	36	45	1	23	64	3	55	22	19	81	33	2	42	55	25	45	34	79	69	6	2	54	7	88	16	72	47	37	41	75	16	98	35	94	78	87	75	52	81	82	22	4	50	6	55	30	44	85	9	40	44	30	86	73	67	50	1	26	67	65	29	69	45	82	38	20	89	2	33	95	3	99	44	64	16	12	16	80	25	25	48	11	0	88	95	39	83	29	4	62	45	33	0	54	54	
47	88	68	43	82	98	75	50	76	43	52	6	95	9	81	37	98	20	74	59	81	72	21	19	9	2	72	50	19	57	64	30	1	42	99	5	55	52	83	25	40	68	83	82	53	68	13	72	13	16	55	15	6	42	56	79	71	41	17	18	48	51	35	38	4	7	52	87	49	62	45	25	25	96	43	29	91	38	83	69	9	57	63	34	39	11	5	54	16	92	42	90	100	34	86	93	93	33	14	93	
54	74	48	84	61	82	99	96	69	1	76	59	70	36	65	37	81	10	31	73	44	16	45	73	60	53	15	43	30	88	79	16	28	90	12	94	97	95	17	52	8	67	36	67	3	82	19	1	80	38	48	12	16	81	98	33	28	32	23	17	16	29	25	36	65	18	62	3	37	52	4	29	87	11	89	38	0	80	32	93	98	31	57	31	61	53	61	64	17	55	93	93	85	16	28	86	38	24	58	79	
79	75	82	57	84	91	60	25	85	66	56	15	56	95	10	31	87	61	91	61	87	99	18	96	53	14	65	1	16	53	18	6	11	71	32	6	96	44	14	14	7	90	24	47	20	14	61	100	97	9	86	86	54	5	21	18	74	44	91	45	33	75	30	24	94	81	18	93	75	80	86	73	24	32	40	37	85	2	30	10	14	32	83	19	9	60	92	13	21	64	77	6	16	42	18	3	18	63	76	43	
33	85	20	72	0	94	75	44	89	93	78	32	17	53	78	7	29	55	89	14	23	45	32	6	75	86	10	8	16	92	92	70	73	27	33	4	39	63	71	33	31	2	65	70	35	42	58	46	9	21	97	33	59	5	9	61	95	52	12	28	56	3	53	75	34	91	23	71	36	32	96	34	68	31	78	19	2	30	57	9	11	61	58	86	28	69	55	31	3	21	46	66	27	22	41	38	35	49	1	48	
12	54	29	9	57	31	41	68	79	48	90	31	34	10	53	68	27	59	62	94	16	2	57	36	58	32	14	3	78	90	92	51	10	24	78	17	86	5	66	83	60	19	40	60	58	63	62	82	15	47	70	6	51	26	63	16	12	51	60	23	98	94	56	41	36	46	60	32	28	28	17	25	80	84	17	13	54	18	60	38	64	64	12	72	98	48	47	62	80	25	32	22	56	98	0	17	95	21	31	100	
18	39	57	1	81	69	89	9	50	76	21	65	34	30	23	7	1	64	65	63	84	79	46	27	18	76	82	13	95	2	97	65	4	15	31	99	25	62	2	38	2	72	92	14	72	83	17	13	59	22	40	59	87	7	4	34	50	84	1	10	26	42	48	12	95	5	99	97	74	100	20	58	44	81	54	29	57	49	82	33	31	23	79	71	29	42	60	8	76	45	56	71	4	96	29	16	97	93	43	10	
37	75	42	43	93	32	4	46	49	57	68	82	30	79	86	63	33	70	1	74	48	8	28	91	79	81	84	76	35	73	61	2	62	14	55	11	66	95	39	93	89	97	91	89	36	25	51	85	13	84	75	70	97	17	8	72	36	46	36	5	79	80	76	15	16	77	96	19	29	14	4	75	53	4	8	53	20	94	87	86	9	80	64	45	77	11	33	41	44	57	26	77	24	16	80	85	9	38	6	25	
16	9	6	48	44	61	17	30	22	13	20	27	83	98	9	81	3	84	74	70	95	82	18	87	1	20	91	37	84	4	4	3	67	22	60	49	68	9	73	35	0	65	92	46	1	84	76	98	38	96	48	23	84	22	90	78	25	57	39	79	51	15	84	37	77	30	8	58	86	36	65	64	0	98	78	44	2	27	46	89	11	74	81	47	20	53	55	77	98	46	82	76	26	27	43	42	55	83	76	97	
9	34	74	15	95	26	59	14	0	94	79	75	57	87	26	21	48	95	19	10	80	15	30	5	96	27	58	74	3	51	45	73	73	53	87	45	89	63	50	0	4	66	36	20	55	24	94	87	4	59	35	31	49	1	94	7	80	21	93	16	5	88	65	80	60	76	34	91	16	88	82	23	47	0	87	15	68	45	0	52	51	14	14	38	96	70	23	100	79	61	93	12	79	29	69	98	66	4	41	36	
71	90	97	41	55	56	32	66	48	48	68	73	87	92	50	69	100	6	66	91	30	1	73	29	10	78	46	13	36	41	65	91	89	12	19	73	78	84	9	33	51	54	67	42	45	11	22	4	13	39	10	70	52	99	16	82	47	61	68	39	82	35	39	78	22	65	87	46	100	35	27	51	13	53	69	100	72	95	31	98	46	61	0	90	56	58	22	6	38	88	62	17	21	83	2	81	83	24	64	95	
45	22	63	9	9	73	13	9	32	25	54	15	53	90	19	65	6	85	24	59	45	4	50	44	26	83	71	93	40	96	25	45	3	3	63	24	79	53	25	40	44	74	71	95	62	84	35	17	44	47	3	50	80	57	100	5	31	50	47	35	66	31	74	59	14	98	99	0	11	27	95	38	19	74	100	15	44	10	85	93	51	0	44	17	19	98	2	23	25	78	15	76	44	40	36	76	99	98	43	97	
66	41	71	43	51	59	58	43	43	76	30	39	16	60	67	98	48	78	90	98	48	85	75	64	8	100	99	86	55	85	77	45	47	79	84	88	66	67	58	55	4	54	33	44	65	33	39	46	5	0	48	34	17	26	62	93	74	94	25	12	8	74	11	74	89	33	35	83	76	69	71	88	77	57	8	69	30	54	19	40	91	78	21	63	32	61	57	39	77	5	97	87	30	67	6	0	55	51	93	44	
67	8	33	34	21	8	14	28	56	21	26	61	5	5	3	74	86	3	78	40	48	12	17	48	19	98	71	24	84	34	97	52	23	76	10	13	60	70	88	71	50	63	12	58	21	4	34	66	80	63	58	28	99	4	5	40	53	33	3	47	68	63	53	9	50	7	79	2	57	85	40	94	59	53	67	96	100	74	91	1	23	60	9	25	21	6	61	56	43	42	6	97	63	2	39	37	78	43	0	50	
9	49	49	58	19	12	95	10	30	41	63	20	50	53	47	5	85	71	96	13	42	96	19	0	67	39	60	37	40	25	87	4	54	12	61	92	84	9	35	80	91	100	97	12	15	70	22	59	55	18	94	74	80	27	82	59	7	31	87	18	42	100	40	97	34	36	50	97	61	69	76	66	30	80	91	45	69	72	47	34	18	61	48	84	11	58	71	40	100	85	47	77	23	59	69	3	18	60	46	70	
19	78	38	90	58	84	31	80	98	39	65	49	90	70	50	33	84	12	23	15	30	49	22	81	2	9	54	85	65	96	17	42	74	13	3	85	26	48	97	12	10	39	69	34	97	50	32	6	24	75	10	24	33	37	23	10	80	37	13	87	48	2	45	37	64	97	46	98	3	79	23	87	54	100	1	36	57	92	69	11	99	76	50	79	68	47	69	18	4	0	99	53	41	39	22	16	23	68	87	90	
16	50	32	26	55	38	93	13	60	94	43	16	93	93	54	90	27	43	20	57	38	1	78	60	94	4	70	86	7	54	24	38	7	30	97	49	78	89	80	97	98	5	54	55	34	18	91	97	76	43	67	60	32	36	98	79	95	32	33	76	9	45	74	86	6	56	19	16	65	88	75	15	63	22	82	67	38	36	53	96	37	44	80	98	80	13	51	68	53	56	71	23	60	30	88	38	73	45	25	18	
98	50	65	72	75	100	19	29	92	76	6	96	92	84	39	44	48	45	94	71	33	16	67	99	10	93	18	54	65	27	11	45	34	73	48	81	45	93	41	94	72	39	81	78	23	98	44	96	33	36	1	74	91	9	17	98	98	72	100	77	35	70	29	11	61	77	49	26	41	95	81	79	81	6	25	22	28	28	72	99	21	92	68	92	19	69	2	29	58	11	81	96	71	22	72	82	68	11	71	52	
47	23	37	8	14	27	77	38	8	31	12	33	81	77	64	51	91	53	59	17	88	1	32	69	40	100	41	11	98	0	9	57	59	78	51	26	91	32	66	90	66	84	84	74	14	3	20	95	60	45	45	45	86	92	0	81	93	1	55	34	46	88	64	25	66	26	62	43	65	33	26	13	28	48	72	29	6	87	49	78	73	97	7	75	64	21	94	18	24	49	69	34	0	15	36	84	26	15	91	17	
30	67	12	2	73	64	19	43	8	44	18	12	31	54	89	59	82	90	96	24	78	92	38	29	44	20	97	88	55	76	30	99	58	83	11	19	77	87	64	8	35	84	47	83	9	73	13	78	80	99	11	26	78	56	100	31	39	52	41	93	17	50	83	17	0	33	72	85	74	63	99	99	10	87	75	85	85	49	34	81	22	98	6	95	96	41	62	29	43	7	91	93	44	28	22	7	92	20	5	34	
29	51	32	34	97	21	13	30	34	47	2	74	68	93	80	85	48	81	100	63	21	16	25	14	73	3	61	27	11	90	71	73	38	50	52	71	46	49	55	43	95	54	8	22	53	26	93	52	24	78	2	6	4	97	60	69	39	59	10	38	100	3	17	18	69	24	17	1	83	60	96	63	75	95	11	15	39	70	41	65	27	16	99	25	74	84	13	80	55	6	64	70	96	14	85	48	46	20	55	54	
21	18	19	86	14	65	83	49	38	12	9	19	47	49	14	66	65	87	82	84	28	23	87	56	24	34	63	8	98	9	64	2	55	52	3	33	38	83	65	51	84	32	88	58	49	66	62	78	33	61	36	64	74	25	97	78	31	65	86	2	9	44	52	18	17	89	75	30	17	3	25	30	34	69	59	45	41	25	62	92	43	97	12	55	62	52	53	85	57	24	37	4	84	45	12	91	64	15	17	83	
80	98	57	89	99	47	50	21	60	23	20	72	41	9	19	66	36	58	26	29	6	77	35	4	66	58	6	16	41	56	94	87	56	13	53	75	7	28	38	23	32	68	55	33	65	8	88	90	27	45	59	1	82	78	57	1	18	80	8	70	80	47	59	19	48	38	57	19	73	74	34	3	98	4	97	68	77	48	51	91	38	72	59	25	76	39	74	57	73	47	62	76	75	16	85	74	4	27	1	40	
100	49	9	86	12	48	57	19	45	87	6	77	30	34	63	62	91	93	31	0	38	94	92	80	86	64	63	42	87	5	58	52	17	79	70	63	19	92	63	62	37	96	12	38	55	54	76	20	38	100	51	32	7	91	37	34	24	67	49	89	16	32	19	3	91	78	68	28	36	13	66	10	68	27	47	68	46	75	59	44	83	28	76	96	33	5	50	69	53	18	42	3	14	95	41	35	66	64	6	91	
94	56	87	70	2	2	34	85	85	68	69	70	5	2	8	18	99	60	20	20	14	58	22	64	64	60	0	21	24	14	32	40	9	91	59	80	5	93	79	50	95	85	61	15	33	97	42	87	72	40	95	91	76	28	29	89	61	52	44	77	28	53	73	57	77	22	55	30	0	56	42	57	31	59	19	42	66	85	6	43	67	61	31	29	52	75	50	96	45	99	90	60	20	6	27	59	89	85	90	33	
40	11	80	64	50	33	50	53	100	88	91	56	57	2	86	36	26	91	94	18	88	30	36	68	81	93	76	54	51	20	75	61	38	93	81	90	6	92	31	38	84	45	75	53	73	97	12	89	19	25	98	59	47	24	83	75	68	55	86	32	19	10	21	53	76	13	51	8	18	40	52	69	1	27	30	74	14	29	48	58	43	21	23	79	95	17	10	17	34	62	88	40	17	74	35	55	42	0	18	67	
16	53	74	66	5	65	76	17	62	71	86	49	79	37	79	52	64	37	25	44	0	50	90	39	73	85	9	91	8	85	70	23	88	1	93	85	96	48	77	64	33	70	0	4	41	75	76	22	89	23	48	17	79	6	16	6	13	99	44	31	50	30	42	8	12	22	7	28	97	0	92	84	37	0	80	71	99	30	60	48	72	100	11	68	5	61	14	86	83	65	28	29	98	31	5	52	8	65	99	67	
57	19	82	86	95	62	95	73	71	12	40	47	9	24	87	32	68	50	33	23	26	89	45	27	88	12	78	56	15	72	59	91	32	89	87	79	33	35	28	15	42	34	100	46	22	25	45	24	62	10	85	94	62	12	21	18	82	4	81	92	68	13	6	51	43	42	62	31	90	67	77	67	49	41	28	61	22	99	96	97	34	39	1	26	51	3	92	17	63	40	70	87	21	83	75	98	48	28	44	36	
64	31	61	0	35	98	63	34	33	21	5	58	11	23	77	67	14	55	20	87	65	56	7	84	15	96	76	36	30	30	13	2	99	53	30	70	69	68	31	94	55	8	24	32	89	52	95	30	89	82	70	38	46	45	87	85	93	96	81	28	20	44	13	95	8	97	100	77	39	64	7	95	71	43	54	2	21	77	29	88	54	84	11	96	43	38	7	71	96	50	99	54	17	73	21	36	11	37	56	43	
90	0	60	23	84	34	41	75	21	37	61	26	6	82	45	52	30	78	15	26	27	64	81	72	14	49	93	33	38	45	42	14	82	39	0	61	52	12	28	1	92	87	60	58	14	82	82	16	76	57	94	94	2	11	33	75	83	38	11	92	9	45	38	27	18	1	48	79	37	49	40	32	29	15	88	85	77	54	48	9	0	69	82	97	99	89	58	94	75	23	86	89	75	70	97	9	67	9	54	29	
73	27	73	91	99	85	9	2	65	98	18	11	45	54	0	5	80	33	29	18	81	17	27	4	84	37	22	82	58	21	64	68	93	65	47	96	1	91	24	41	66	46	0	72	5	11	74	16	93	34	2	51	12	23	79	98	89	43	5	90	78	24	80	75	20	8	84	12	75	86	38	25	54	2	97	52	68	46	29	38	33	92	46	97	32	33	49	33	57	97	61	36	16	80	41	33	21	70	99	87	
49	28	44	67	76	51	78	32	60	94	16	83	41	44	97	98	70	71	78	86	59	0	47	5	19	24	91	52	92	99	63	1	10	80	86	50	93	100	72	1	27	19	57	43	82	41	19	44	49	79	8	1	78	26	73	62	96	28	49	40	43	72	76	84	49	89	9	40	100	40	44	9	13	66	53	15	26	28	45	92	15	26	21	99	0	70	6	73	76	63	54	78	60	76	48	1	36	67	83	93	
17	75	62	30	39	93	53	7	45	59	20	59	53	19	43	38	71	65	25	88	59	72	64	17	56	48	16	10	68	83	36	88	27	41	88	42	50	46	53	100	25	86	15	99	36	22	61	7	48	0	48	43	38	79	70	7	21	38	87	91	75	52	0	65	54	61	23	0	86	48	40	85	54	55	29	88	55	46	40	8	81	60	92	73	54	20	11	29	55	77	90	41	82	23	44	89	95	67	15	1	
64	97	4	12	34	25	70	63	43	62	93	59	2	96	14	88	59	81	60	16	63	6	71	26	81	77	69	83	35	43	19	85	85	6	73	4	14	49	18	29	19	28	80	86	91	95	27	2	86	91	67	18	50	20	45	58	58	23	49	71	47	13	60	72	82	93	76	95	15	47	78	52	80	23	66	79	12	59	27	57	74	97	85	100	82	80	5	29	21	91	27	15	89	68	2	88	16	64	88	76	
58	52	22	18	58	55	94	94	33	85	20	95	72	79	0	94	35	58	7	36	74	40	2	25	78	96	99	81	98	28	67	9	67	3	41	65	12	7	22	58	36	64	28	81	23	90	64	91	94	23	28	100	40	49	81	21	48	65	95	94	100	70	41	73	92	41	58	66	92	51	32	45	90	100	9	74	50	59	1	39	9	66	14	44	39	42	45	53	33	38	49	13	37	91	47	56	62	96	44	26	
29	6	67	67	52	47	82	39	11	89	44	29	66	91	84	16	57	88	83	25	26	36	49	8	15	22	53	62	46	70	62	49	77	7	57	79	51	57	85	16	47	72	25	79	78	97	35	69	87	73	71	2	93	14	34	40	8	29	61	52	43	88	33	23	40	22	84	8	74	34	87	73	21	1	3	91	16	5	24	79	74	75	36	75	27	98	29	4	25	82	51	16	27	14	47	23	90	35	74	96	
54	81	55	92	46	33	63	83	40	51	19	23	27	71	8	89	58	3	83	45	25	63	63	41	73	24	78	23	47	77	35	52	37	64	52	22	1	69	100	28	96	64	39	65	11	89	96	6	8	8	46	42	22	47	43	45	23	29	8	79	87	81	45	90	32	77	39	18	18	99	25	74	2	27	92	52	95	24	9	59	9	80	63	57	37	55	69	42	59	12	95	83	2	84	5	90	0	50	18	13	
93	41	42	75	23	31	22	75	13	99	66	23	60	98	20	95	12	24	55	79	85	92	3	15	43	69	78	4	67	83	48	34	58	39	2	36	7	68	90	67	42	58	14	14	50	24	2	58	29	23	32	98	9	98	98	11	51	22	58	45	55	55	65	42	42	4	46	13	64	64	78	87	46	83	41	50	51	0	93	24	34	52	9	70	99	55	82	22	60	34	90	92	48	60	11	90	38	39	6	36	
17	72	39	99	15	72	61	3	14	51	68	65	37	30	99	70	77	0	46	54	15	38	19	24	1	82	78	80	33	64	77	76	35	82	41	1	65	11	41	33	74	55	96	0	2	51	61	50	71	52	46	56	13	43	74	96	58	76	85	36	95	87	28	60	61	40	33	73	12	92	35	98	6	100	91	30	89	95	92	12	23	8	9	90	72	79	52	83	77	79	19	77	71	63	35	16	91	28	17	40	
92	62	4	11	96	11	27	88	45	4	90	84	33	37	89	92	2	88	62	9	86	49	99	23	45	64	21	13	14	68	40	21	23	18	87	75	94	28	92	57	46	68	1	92	3	88	48	7	99	32	41	82	49	17	34	6	83	51	0	9	3	35	44	15	13	3	94	87	9	39	52	12	34	31	65	90	93	31	24	43	18	49	92	93	56	5	51	32	39	46	78	85	63	45	54	56	1	19	43	5	
45	31	45	53	11	34	51	46	78	80	32	29	71	34	92	33	100	91	99	74	86	14	18	96	70	91	22	37	52	72	2	28	72	44	80	24	52	16	50	88	80	0	46	43	2	2	94	81	73	3	29	39	37	27	66	94	14	81	57	77	80	54	71	83	30	69	17	66	4	34	29	98	45	96	65	100	69	100	44	85	85	71	43	84	94	59	23	63	77	14	92	74	65	21	95	94	41	51	74	8	
59	33	60	41	57	8	13	3	32	75	4	19	3	71	87	13	89	27	17	27	66	63	29	84	69	32	26	18	50	77	51	4	39	8	60	87	24	35	72	85	22	94	61	62	98	50	87	55	24	70	3	96	21	19	54	91	60	89	8	9	19	54	89	13	95	11	85	71	100	66	62	46	63	11	100	58	95	23	99	29	9	98	46	35	68	1	52	21	59	12	31	6	42	73	42	28	66	55	33	90	
10	62	58	87	100	30	14	12	94	43	30	48	5	54	39	83	76	11	91	44	94	100	18	34	53	35	45	23	75	26	11	51	71	6	19	82	73	68	29	43	27	87	75	14	37	56	41	18	75	73	63	1	3	62	57	60	63	38	91	76	10	44	15	92	68	65	3	71	89	90	21	50	54	100	81	12	40	97	29	64	96	48	75	56	32	74	8	36	55	44	97	44	25	3	88	92	45	27	9	0	
60	48	68	23	36	65	92	29	0	100	14	84	38	99	88	68	35	40	54	15	25	43	50	20	24	29	8	13	49	8	1	82	10	71	24	78	92	91	38	77	14	5	55	14	52	93	16	27	18	26	96	76	73	5	63	47	63	20	14	22	41	4	4	45	58	19	53	44	0	98	1	13	82	45	0	18	99	10	76	33	8	13	51	98	100	27	5	1	78	95	23	96	73	36	78	43	99	11	16	65	
100	54	21	35	30	65	3	45	99	0	46	92	30	3	19	76	77	70	42	96	27	60	69	96	78	50	96	19	66	72	13	99	25	88	93	72	8	45	67	28	76	63	39	86	70	27	56	88	9	93	24	35	20	38	63	14	81	14	91	98	18	11	93	60	77	60	62	60	16	82	68	16	10	94	32	93	11	5	98	98	44	63	55	16	78	41	64	42	18	38	87	8	62	17	47	90	22	61	19	1	
18	61	47	14	100	42	72	81	16	62	40	55	58	33	94	16	24	87	37	11	90	86	68	13	14	7	61	30	17	59	36	2	76	85	78	40	39	70	32	9	84	24	71	9	0	34	11	59	53	49	79	71	50	69	27	59	43	60	24	52	93	34	99	50	85	46	53	27	88	60	56	18	37	20	67	36	24	66	64	5	95	94	92	95	55	15	56	91	97	99	4	25	78	7	30	78	50	38	27	79	
60	94	42	98	92	71	56	69	38	8	18	8	13	44	69	13	22	74	30	26	46	53	42	2	6	34	99	13	87	17	76	10	84	4	72	11	87	12	9	100	67	70	24	55	59	30	50	74	82	91	81	40	10	66	86	70	38	70	66	49	88	26	4	97	80	20	51	22	56	82	93	2	24	36	44	70	99	25	69	78	23	65	34	88	23	1	15	65	22	64	95	40	11	27	25	70	37	84	0	92	
